1 What is 1+1?
1.) 1
2.) 2
3.) 3
4.) 4
2 What is 2+2?
1.) 2
2.) 3
3.) 4
4.) 5
3 What is 3+3?
1.) 5
2.) 6
3.) 7
4.) 8
4 What is 4+4?
1.) 6
2.) 7
3.) 8
4.) 9
5 What is 5+5?
1.) 8
2.) 9
3.) 10
4.) 11
6 What is 6-1?
1.) 4
2.) 5
3.) 6
4.) 7
7 What is 7-2?
1.) 4
2.) 5
3.) 6
4.) 7
8 What is 8-3?
1.) 3
2.) 4
3.) 5
4.) 6
9 What is 9-4?
1.) 4
2.) 5
3.) 6
4.) 7
10 What is 10-5?
1.) 3
2.) 4
3.) 5
4.) 6
11 What is 2x2?
1.) 2
2.) 3
3.) 4
4.) 5
12 What is 3x2?
1.) 5
2.) 6
3.) 7
4.) 8
13 What is 4x2?
1.) 6
2.) 7
3.) 8
4.) 9
14 What is 5x2?
1.) 8
2.) 9
3.) 10
4.) 11
15 What is 6x2?
1.) 10
2.) 11
3.) 12
4.) 13
16 What is 8/2?
1.) 2
2.) 3
3.) 4
4.) 5
17 What is 10/2?
1.) 4
2.) 5
3.) 6
4.) 7
18 What is 12/2?
1.) 5
2.) 6
3.) 7
4.) 8
19 What is 14/2?
1.) 6
2.) 7
3.) 8
4.) 9
20 What is 16/2?
1.) 7
2.) 8
3.) 9
4.) 10
21 What is 3+5?
1.) 7
2.) 8
3.) 9
4.) 10
22 What is 4+6?
1.) 9
2.) 10
3.) 11
4.) 12
23 What is 6+6?
1.) 10
2.) 11
3.) 12
4.) 13
24 What is 7+5?
1.) 11
2.) 12
3.) 13
4.) 14
25 What is 9+1?
1.) 8
2.) 9
3.) 10
4.) 11
26 What is 10-3?
1.) 6
2.) 7
3.) 8
4.) 9
27 What is 12-4?
1.) 6
2.) 7
3.) 8
4.) 9
28 What is 15-5?
1.) 8
2.) 9
3.) 10
4.) 11
29 What is 20-10?
1.) 8
2.) 9
3.) 10
4.) 11
30 What is 18-6?
1.) 10
2.) 11
3.) 12
4.) 13
31 What is 3x3?
1.) 6
2.) 7
3.) 9
4.) 12
32 What is 4x3?
1.) 10
2.) 11
3.) 12
4.) 13
33 What is 5x3?
1.) 13
2.) 14
3.) 15
4.) 16
34 What is 6x3?
1.) 16
2.) 17
3.) 18
4.) 19
35 What is 7x3?
1.) 19
2.) 20
3.) 21
4.) 22
36 What is 9/3?
1.) 2
2.) 3
3.) 4
4.) 5
37 What is 12/3?
1.) 3
2.) 4
3.) 5
4.) 6
38 What is 15/3?
1.) 4
2.) 5
3.) 6
4.) 7
39 What is 18/3?
1.) 5
2.) 6
3.) 7
4.) 8
40 What is 21/3?
1.) 6
2.) 7
3.) 8
4.) 9
41 What is 11+2?
1.) 12
2.) 13
3.) 14
4.) 15
42 What is 12+3?
1.) 14
2.) 15
3.) 16
4.) 17
43 What is 13+4?
1.) 16
2.) 17
3.) 18
4.) 19
44 What is 14+5?
1.) 18
2.) 19
3.) 20
4.) 21
45 What is 15+6?
1.) 20
2.) 21
3.) 22
4.) 23
46 What is 20-5?
1.) 14
2.) 15
3.) 16
4.) 17
47 What is 22-7?
1.) 14
2.) 15
3.) 16
4.) 17
48 What is 25-10?
1.) 14
2.) 15
3.) 16
4.) 17
49 What is 30-15?
1.) 14
2.) 15
3.) 16
4.) 17
50 What is 40-20?
1.) 18
2.) 19
3.) 20
4.) 21
51 What is 8x4?
1.) 30
2.) 31
3.) 32
4.) 33
52 What is 9x4?
1.) 34
2.) 35
3.) 36
4.) 37
53 What is 10x4?
1.) 38
2.) 39
3.) 40
4.) 41
54 What is 11x4?
1.) 42
2.) 43
3.) 44
4.) 45
55 What is 12x4?
1.) 46
2.) 47
3.) 48
4.) 49
56 What is 20/4?
1.) 4
2.) 5
3.) 6
4.) 7
57 What is 24/4?
1.) 5
2.) 6
3.) 7
4.) 8
58 What is 28/4?
1.) 6
2.) 7
3.) 8
4.) 9
59 What is 32/4?
1.) 7
2.) 8
3.) 9
4.) 10
60 What is 36/4?
1.) 8
2.) 9
3.) 10
4.) 11
61 What is 5+7?
1.) 11
2.) 12
3.) 13
4.) 14
62 What is 6+8?
1.) 13
2.) 14
3.) 15
4.) 16
63 What is 7+9?
1.) 15
2.) 16
3.) 17
4.) 18
64 What is 8+10?
1.) 17
2.) 18
3.) 19
4.) 20
65 What is 9+11?
1.) 19
2.) 20
3.) 21
4.) 22
66 What is 14-3?
1.) 10
2.) 11
3.) 12
4.) 13
67 What is 16-4?
1.) 11
2.) 12
3.) 13
4.) 14
68 What is 18-5?
1.) 12
2.) 13
3.) 14
4.) 15
69 What is 20-6?
1.) 13
2.) 14
3.) 15
4.) 16
70 What is 22-7?
1.) 14
2.) 15
3.) 16
4.) 17
71 What is 6x5?
1.) 28
2.) 29
3.) 30
4.) 31
72 What is 7x5?
1.) 33
2.) 34
3.) 35
4.) 36
73 What is 8x5?
1.) 38
2.) 39
3.) 40
4.) 41
74 What is 9x5?
1.) 43
2.) 44
3.) 45
4.) 46
75 What is 10x5?
1.) 48
2.) 49
3.) 50
4.) 51
76 What is 25/5?
1.) 4
2.) 5
3.) 6
4.) 7
77 What is 30/5?
1.) 5
2.) 6
3.) 7
4.) 8
78 What is 35/5?
1.) 6
2.) 7
3.) 8
4.) 9
79 What is 40/5?
1.) 7
2.) 8
3.) 9
4.) 10
80 What is 45/5?
1.) 8
2.) 9
3.) 10
4.) 11
81 What is 12+9?
1.) 20
2.) 21
3.) 22
4.) 23
82 What is 13+8?
1.) 20
2.) 21
3.) 22
4.) 23
83 What is 14+7?
1.) 20
2.) 21
3.) 22
4.) 23
84 What is 15+6?
1.) 20
2.) 21
3.) 22
4.) 23
85 What is 16+5?
1.) 20
2.) 21
3.) 22
4.) 23
86 What is 30-9?
1.) 20
2.) 21
3.) 22
4.) 23
87 What is 28-7?
1.) 20
2.) 21
3.) 22
4.) 23
88 What is 26-5?
1.) 20
2.) 21
3.) 22
4.) 23
89 What is 24-3?
1.) 20
2.) 21
3.) 22
4.) 23
90 What is 22-1?
1.) 20
2.) 21
3.) 22
4.) 23
91 What is 11x2?
1.) 20
2.) 21
3.) 22
4.) 23
92 What is 12x2?
1.) 22
2.) 23
3.) 24
4.) 25
93 What is 13x2?
1.) 24
2.) 25
3.) 26
4.) 27
94 What is 14x2?
1.) 26
2.) 27
3.) 28
4.) 29
95 What is 15x2?
1.) 28
2.) 29
3.) 30
4.) 31
96 What is 20/2?
1.) 9
2.) 10
3.) 11
4.) 12
97 What is 22/2?
1.) 10
2.) 11
3.) 12
4.) 13
98 What is 24/2?
1.) 11
2.) 12
3.) 13
4.) 14
99 What is 26/2?
1.) 12
2.) 13
3.) 14
4.) 15
100 What is 28/2?
1.) 13
2.) 14
3.) 15
4.) 16
101 What is 3+10?
1.) 12
2.) 13
3.) 14
4.) 15
102 What is 4+11?
1.) 14
2.) 15
3.) 16
4.) 17
103 What is 5+12?
1.) 16
2.) 17
3.) 18
4.) 19
104 What is 6+13?
1.) 18
2.) 19
3.) 20
4.) 21
105 What is 7+14?
1.) 20
2.) 21
3.) 22
4.) 23
106 What is 18-3?
1.) 14
2.) 15
3.) 16
4.) 17
107 What is 20-4?
1.) 15
2.) 16
3.) 17
4.) 18
108 What is 22-5?
1.) 16
2.) 17
3.) 18
4.) 19
109 What is 24-6?
1.) 17
2.) 18
3.) 19
4.) 20
110 What is 26-7?
1.) 18
2.) 19
3.) 20
4.) 21
111 What is 6x6?
1.) 34
2.) 35
3.) 36
4.) 37
112 What is 7x6?
1.) 40
2.) 41
3.) 42
4.) 43
113 What is 8x6?
1.) 46
2.) 47
3.) 48
4.) 49
114 What is 9x6?
1.) 52
2.) 53
3.) 54
4.) 55
115 What is 10x6?
1.) 58
2.) 59
3.) 60
4.) 61
116 What is 36/6?
1.) 5
2.) 6
3.) 7
4.) 8
117 What is 42/6?
1.) 6
2.) 7
3.) 8
4.) 9
118 What is 48/6?
1.) 7
2.) 8
3.) 9
4.) 10
119 What is 54/6?
1.) 8
2.) 9
3.) 10
4.) 11
120 What is 60/6?
1.) 9
2.) 10
3.) 11
4.) 12
121 What is 10+15?
1.) 24
2.) 25
3.) 26
4.) 27
122 What is 11+14?
1.) 24
2.) 25
3.) 26
4.) 27
123 What is 12+13?
1.) 24
2.) 25
3.) 26
4.) 27
124 What is 13+12?
1.) 24
2.) 25
3.) 26
4.) 27
125 What is 14+11?
1.) 24
2.) 25
3.) 26
4.) 27
126 What is 30-5?
1.) 24
2.) 25
3.) 26
4.) 27
127 What is 29-4?
1.) 24
2.) 25
3.) 26
4.) 27
128 What is 28-3?
1.) 24
2.) 25
3.) 26
4.) 27
129 What is 27-2?
1.) 24
2.) 25
3.) 26
4.) 27
130 What is 26-1?
1.) 24
2.) 25
3.) 26
4.) 27
131 What is 12x3?
1.) 34
2.) 35
3.) 36
4.) 37
132 What is 13x3?
1.) 38
2.) 39
3.) 40
4.) 41
133 What is 14x3?
1.) 40
2.) 41
3.) 42
4.) 43
134 What is 15x3?
1.) 43
2.) 44
3.) 45
4.) 46
135 What is 16x3?
1.) 46
2.) 47
3.) 48
4.) 49
136 What is 48/3?
1.) 14
2.) 15
3.) 16
4.) 17
137 What is 51/3?
1.) 16
2.) 17
3.) 18
4.) 19
138 What is 54/3?
1.) 17
2.) 18
3.) 19
4.) 20
139 What is 57/3?
1.) 18
2.) 19
3.) 20
4.) 21
140 What is 60/3?
1.) 19
2.) 20
3.) 21
4.) 22
141 What is 20+5?
1.) 24
2.) 25
3.) 26
4.) 27
142 What is 21+4?
1.) 24
2.) 25
3.) 26
4.) 27
143 What is 22+3?
1.) 24
2.) 25
3.) 26
4.) 27
144 What is 23+2?
1.) 24
2.) 25
3.) 26
4.) 27
145 What is 24+1?
1.) 24
2.) 25
3.) 26
4.) 27
146 What is 50-25?
1.) 24
2.) 25
3.) 26
4.) 27
147 What is 49-24?
1.) 24
2.) 25
3.) 26
4.) 27
148 What is 48-23?
1.) 24
2.) 25
3.) 26
4.) 27
149 What is 47-22?
1.) 24
2.) 25
3.) 26
4.) 27
150 What is 46-21?
1.) 24
2.) 25
3.) 26
4.) 27
151 15/3=?
1.) 4
2.) 5
3.) 2
4.) 1
152 7*5
1.) 35
2.) 45
3.) 28
4.) 49
